1 0 12
2 0 10
3 0 12
4 0 12
5 0 14
6 0 11
8 0 11
9 0 8
10 0 12
11 0 12
12 0 11
13 0 10
14 0 11
15 0 12
16 0 8
18 0 7
19 0 8
20 0 12
21 0 11
22 0 8
24 0 13
25 0 10
26 0 12
27 0 12
28 0 10
29 0 8
30 0 11
32 0 8
33 0 9
34 0 11
35 0 14
37 0 11
38 0 9
39 0 10
40 0 14
41 0 14
42 0 10
43 0 9
44 0 8
45 0 12
46 0 11
48 0 10
49 0 13
50 0 8
51 0 11
52 0 11
53 0 9
54 0 9
55 0 8
56 0 12
58 0 10
59 0 9
60 0 12
61 0 10
62 0 9
63 0 11
64 0 15
65 0 9
66 0 7
68 0 9
69 0 12
70 0 12
71 0 10
72 0 12
74 0 10
75 0 11
76 0 11
77 0 10
78 0 11
79 0 14
80 0 11
81 0 11
83 0 12
84 0 12
85 0 10
86 0 11
87 0 9
88 0 10
89 0 12
90 0 11
91 0 11
93 0 12
94 0 10
95 0 12
96 0 12
97 0 14
98 0 11
100 0 11
101 0 8
102 0 12
103 0 12
104 0 11
105 0 10
106 0 11
107 0 12
108 0 8
110 0 7
111 0 8
112 0 12
113 0 11
114 0 8
116 0 13
117 0 10
118 0 12
119 0 12
120 0 10
121 0 8
122 0 11
124 0 8
125 0 9
126 0 11
127 0 14
129 0 11
130 0 9
131 0 10
132 0 14
133 0 14
134 0 10
135 0 9
136 0 8
137 0 12
138 0 11
140 0 10
141 0 13
142 0 8
143 0 11
144 0 11
145 0 9
146 0 9
147 0 8
148 0 12
150 0 10
151 0 9
152 0 12
153 0 10
154 0 9
155 0 11
156 0 15
157 0 9
158 0 7
160 0 9
161 0 12
162 0 12
163 0 10
164 0 12
166 0 10
167 0 11
168 0 11
169 0 10
170 0 11
171 0 14
172 0 11
173 0 11
175 0 12
176 0 12
177 0 10
178 0 11
179 0 9
180 0 10
181 0 12
182 0 11
183 0 11
185 0 12
186 0 10
187 0 12
188 0 12
189 0 14
190 0 11
192 0 11
193 0 8
194 0 12
195 0 12
196 0 11
197 0 10
198 0 11
199 0 12
200 0 8
202 0 7
203 0 8
204 0 12
205 0 11
206 0 8
208 0 13
209 0 10
210 0 12
211 0 12
212 0 10
213 0 8
214 0 11
216 0 8
217 0 9
218 0 11
219 0 14
221 0 11
222 0 9
223 0 10
224 0 14
225 0 14
226 0 10
227 0 9
228 0 8
229 0 12
230 0 11
232 0 10
233 0 13
234 0 8
235 0 11
236 0 11
237 0 9
238 0 9
239 0 8
240 0 12
242 0 10
243 0 9
244 0 12
245 0 10
246 0 9
247 0 11
248 0 15
249 0 9
250 0 7
252 0 9
253 0 12
254 0 12
255 0 10
256 0 12
258 0 10
259 0 11
260 0 11
261 0 10
262 0 11
263 0 14
264 0 11
265 0 11
267 0 12
268 0 12
269 0 10
270 0 11
271 0 9
272 0 10
273 0 12
274 0 11
275 0 11
277 0 12
278 0 10
279 0 12
280 0 12
281 0 14
282 0 11
284 0 11
285 0 8
286 0 12
287 0 12
288 0 11
289 0 10
290 0 11
291 0 12
292 0 8
294 0 7
295 0 8
296 0 12
297 0 11
298 0 8
300 0 13
301 0 10
302 0 12
303 0 12
304 0 10
305 0 8
306 0 11
308 0 8
309 0 9
310 0 11
311 0 14
313 0 11
314 0 9
315 0 10
316 0 14
317 0 14
318 0 10
319 0 9
320 0 8
321 0 12
322 0 11
324 0 10
325 0 13
326 0 8
327 0 11
328 0 11
329 0 9
330 0 9
331 0 8
332 0 12
334 0 10
335 0 9
336 0 12
337 0 10
338 0 9
339 0 11
340 0 15
341 0 9
342 0 7
344 0 9
345 0 12
346 0 12
347 0 10
348 0 12
350 0 10
351 0 11
352 0 11
353 0 10
354 0 11
355 0 14
356 0 11
357 0 11
359 0 12
360 0 12
361 0 10
362 0 11
363 0 9
364 0 10
365 0 12
366 0 11
367 0 11
369 0 12
370 0 10
371 0 12
372 0 12
373 0 14
374 0 11
376 0 12
377 0 10
378 0 12
379 0 12
380 0 14
381 0 11
383 0 12
384 0 10
385 0 12
386 0 12
387 0 14
388 0 11
390 0 12
391 0 10
392 0 12
393 0 12
394 0 14
395 0 11
397 0 12
398 0 10
399 0 12
400 0 12
401 0 14
402 0 11
404 0 12
405 0 10
406 0 12
407 0 12
408 0 14
409 0 11
410 0 14
411 0 12
412 0 10
413 0 12
414 0 12
415 0 14
416 0 11
417 0 14
418 0 12
419 0 10
420 0 12
421 0 12
422 0 14
423 0 11
424 0 14
425 0 12
426 0 10
427 0 12
428 0 12
429 0 14
430 0 11
431 0 10
432 0 11
433 0 8
434 0 12
435 0 12
436 0 11
437 0 10
438 0 11
439 0 12
440 0 8
441 0 12
442 0 7
443 0 8
444 0 12
445 0 11
446 0 8
447 0 11
448 0 13
449 0 10
450 0 12
451 0 12
452 0 10
453 0 8
454 0 11
455 0 9
456 0 8
457 0 9
458 0 11
459 0 14
460 0 13
461 0 11
462 0 9
463 0 10
464 0 14
465 0 14
466 0 10
467 0 9
468 0 8
469 0 12
470 0 11
471 0 13
472 0 10
473 0 13
474 0 8
475 0 11
476 0 11
477 0 9
478 0 9
479 0 8
480 0 12
481 0 13
482 0 10
483 0 9
484 0 12
485 0 10
486 0 9
487 0 11
488 0 15
489 0 9
490 0 7
491 0 4
492 0 9
493 0 12
494 0 12
495 0 10
496 0 12
497 0 12
498 0 10
499 0 11
500 0 11
501 0 10
502 0 11
503 0 14
504 0 11
505 0 11
506 0 12
507 0 12
508 0 12
509 0 10
510 0 11
511 0 10
512 0 10
513 0 12
514 0 11
515 0 11
1 1 11
2 1 8
3 1 12
4 1 12
5 1 10
6 1 9
8 1 13
9 1 7
10 1 13
11 1 9
12 1 9
13 1 12
14 1 10
15 1 11
16 1 8
18 1 12
19 1 10
20 1 10
21 1 11
22 1 14
24 1 13
25 1 9
26 1 9
27 1 9
28 1 7
29 1 13
30 1 9
32 1 14
33 1 12
34 1 7
35 1 9
37 1 8
38 1 10
39 1 8
40 1 10
41 1 10
42 1 13
43 1 10
44 1 8
45 1 13
46 1 9
48 1 9
49 1 11
50 1 12
51 1 11
52 1 8
53 1 10
54 1 12
55 1 9
56 1 8
58 1 8
59 1 9
60 1 11
61 1 11
62 1 10
63 1 13
64 1 8
65 1 12
66 1 9
68 1 10
69 1 8
70 1 13
71 1 9
72 1 9
74 1 12
75 1 14
76 1 11
77 1 10
78 1 9
79 1 9
80 1 11
81 1 11
83 1 10
84 1 9
85 1 9
86 1 8
87 1 9
88 1 10
89 1 8
90 1 6
91 1 9
93 1 11
94 1 8
95 1 12
96 1 12
97 1 10
98 1 9
100 1 13
101 1 7
102 1 13
103 1 9
104 1 9
105 1 12
106 1 10
107 1 11
108 1 8
110 1 12
111 1 10
112 1 10
113 1 11
114 1 14
116 1 13
117 1 9
118 1 9
119 1 9
120 1 7
121 1 13
122 1 9
124 1 14
125 1 12
126 1 7
127 1 9
129 1 8
130 1 10
131 1 8
132 1 10
133 1 10
134 1 13
135 1 10
136 1 8
137 1 13
138 1 9
140 1 9
141 1 11
142 1 12
143 1 11
144 1 8
145 1 10
146 1 12
147 1 9
148 1 8
150 1 8
151 1 9
152 1 11
153 1 11
154 1 10
155 1 13
156 1 8
157 1 12
158 1 9
160 1 10
161 1 8
162 1 13
163 1 9
164 1 9
166 1 12
167 1 14
168 1 11
169 1 10
170 1 9
171 1 9
172 1 11
173 1 11
175 1 10
176 1 9
177 1 9
178 1 8
179 1 9
180 1 10
181 1 8
182 1 6
183 1 9
185 1 11
186 1 8
187 1 12
188 1 12
189 1 10
190 1 9
192 1 13
193 1 7
194 1 13
195 1 9
196 1 9
197 1 12
198 1 10
199 1 11
200 1 8
202 1 12
203 1 10
204 1 10
205 1 11
206 1 14
208 1 13
209 1 9
210 1 9
211 1 9
212 1 7
213 1 13
214 1 9
216 1 14
217 1 12
218 1 7
219 1 9
221 1 8
222 1 10
223 1 8
224 1 10
225 1 10
226 1 13
227 1 10
228 1 8
229 1 13
230 1 9
232 1 9
233 1 11
234 1 12
235 1 11
236 1 8
237 1 10
238 1 12
239 1 9
240 1 8
242 1 8
243 1 9
244 1 11
245 1 11
246 1 10
247 1 13
248 1 8
249 1 12
250 1 9
252 1 10
253 1 8
254 1 13
255 1 9
256 1 9
258 1 12
259 1 14
260 1 11
261 1 10
262 1 9
263 1 9
264 1 11
265 1 11
267 1 10
268 1 9
269 1 9
270 1 8
271 1 9
272 1 10
273 1 8
274 1 6
275 1 9
277 1 11
278 1 8
279 1 12
280 1 12
281 1 10
282 1 9
284 1 13
285 1 7
286 1 13
287 1 9
288 1 9
289 1 12
290 1 10
291 1 11
292 1 8
294 1 12
295 1 10
296 1 10
297 1 11
298 1 14
300 1 13
301 1 9
302 1 9
303 1 9
304 1 7
305 1 13
306 1 9
308 1 14
309 1 12
310 1 7
311 1 9
313 1 8
314 1 10
315 1 8
316 1 10
317 1 10
318 1 13
319 1 10
320 1 8
321 1 13
322 1 9
324 1 9
325 1 11
326 1 12
327 1 11
328 1 8
329 1 10
330 1 12
331 1 9
332 1 8
334 1 8
335 1 9
336 1 11
337 1 11
338 1 10
339 1 13
340 1 8
341 1 12
342 1 9
344 1 10
345 1 8
346 1 13
347 1 9
348 1 9
350 1 12
351 1 14
352 1 11
353 1 10
354 1 9
355 1 9
356 1 11
357 1 11
359 1 10
360 1 9
361 1 9
362 1 8
363 1 9
364 1 10
365 1 8
366 1 6
367 1 9
369 1 11
370 1 8
371 1 12
372 1 12
373 1 10
374 1 9
376 1 11
377 1 8
378 1 12
379 1 12
380 1 10
381 1 9
383 1 11
384 1 8
385 1 12
386 1 12
387 1 10
388 1 9
390 1 11
391 1 8
392 1 12
393 1 12
394 1 10
395 1 9
397 1 11
398 1 8
399 1 12
400 1 12
401 1 10
402 1 9
404 1 11
405 1 8
406 1 12
407 1 12
408 1 10
409 1 9
410 1 8
411 1 11
412 1 8
413 1 12
414 1 12
415 1 10
416 1 9
417 1 8
418 1 11
419 1 8
420 1 12
421 1 12
422 1 10
423 1 9
424 1 8
425 1 11
426 1 8
427 1 12
428 1 12
429 1 10
430 1 9
431 1 9
432 1 13
433 1 7
434 1 13
435 1 9
436 1 9
437 1 12
438 1 10
439 1 11
440 1 8
441 1 8
442 1 12
443 1 10
444 1 10
445 1 11
446 1 14
447 1 10
448 1 13
449 1 9
450 1 9
451 1 9
452 1 7
453 1 13
454 1 9
455 1 9
456 1 14
457 1 12
458 1 7
459 1 9
460 1 8
461 1 8
462 1 10
463 1 8
464 1 10
465 1 10
466 1 13
467 1 10
468 1 8
469 1 13
470 1 9
471 1 10
472 1 9
473 1 11
474 1 12
475 1 11
476 1 8
477 1 10
478 1 12
479 1 9
480 1 8
481 1 8
482 1 8
483 1 9
484 1 11
485 1 11
486 1 10
487 1 13
488 1 8
489 1 12
490 1 9
491 1 9
492 1 10
493 1 8
494 1 13
495 1 9
496 1 9
497 1 8
498 1 12
499 1 14
500 1 11
501 1 10
502 1 9
503 1 9
504 1 11
505 1 11
506 1 9
507 1 10
508 1 9
509 1 9
510 1 8
511 1 9
512 1 10
513 1 8
514 1 6
515 1 9
